('C', 'I', 67, [138, 1], [131, 80])
('I', 'D', 126, [131, 80], [1, 76])
('D', 'C', 137, [1, 76], [138, 1])
('I', 'H', 49, [131, 80], [100, 106])
('I', 'A', 53, [131, 80], [146, 152])
('G', 'C', 36, [173, 77], [138, 1])
('F', 'G', 22, [190, 86], [173, 77])
('G', 'I', 42, [173, 77], [131, 80])
('A', 'J', 39, [146, 152], [80, 136])
('J', 'H', 41, [80, 136], [100, 106])
('B', 'A', 95, [170, 95], [146, 152])
('I', 'B', 31, [131, 80], [170, 95])
('G', 'B', 19, [173, 77], [170, 95])
('H', 'E', 31, [100, 106], [81, 113])
('E', 'D', 57, [81, 113], [1, 76])
('E', 'J', 32, [81, 113], [80, 136])
('A', 'F', 79, [146, 152], [190, 86])